0.000 0.000 0.000 0 0.000 0.000 0.000
0.000 0.000 0.111 1 0.000 0.000 0.111
0.000 0.000 0.222 2 0.000 0.000 0.222
0.000 0.000 0.333 3 0.000 0.000 0.333
0.000 0.000 0.444 4 0.000 0.000 0.444
0.000 0.000 0.556 5 0.000 0.000 0.556
0.000 0.000 0.667 6 0.000 0.000 0.667
0.000 0.000 0.778 7 0.000 0.000 0.778
0.000 0.000 0.889 8 0.000 0.000 0.889
0.000 0.000 1.000 9 0.000 0.000 1.000
0.000 0.111 0.000 10 0.000 0.111 0.000
0.000 0.111 0.111 11 0.000 0.111 0.111
0.000 0.111 0.222 12 0.000 0.111 0.222
0.000 0.111 0.333 13 0.000 0.111 0.333
0.000 0.111 0.444 14 0.000 0.111 0.444
0.000 0.111 0.556 15 0.000 0.111 0.556
0.000 0.111 0.667 16 0.000 0.111 0.667
0.000 0.111 0.778 17 0.000 0.111 0.778
0.000 0.111 0.889 18 0.000 0.111 0.889
0.000 0.111 1.000 19 0.000 0.111 1.000
0.000 0.222 0.000 20 0.000 0.222 0.000
0.000 0.222 0.111 21 0.000 0.222 0.111
0.000 0.222 0.222 22 0.000 0.222 0.222
0.000 0.222 0.333 23 0.000 0.222 0.333
0.000 0.222 0.444 24 0.000 0.222 0.444
0.000 0.222 0.556 25 0.000 0.222 0.556
0.000 0.222 0.667 26 0.000 0.222 0.667
0.000 0.222 0.778 27 0.000 0.222 0.778
0.000 0.222 0.889 28 0.000 0.222 0.889
0.000 0.222 1.000 29 0.000 0.222 1.000
0.000 0.333 0.000 30 0.000 0.333 0.000
0.000 0.333 0.111 31 0.000 0.333 0.111
0.000 0.333 0.222 32 0.000 0.333 0.222
0.000 0.333 0.333 33 0.000 0.333 0.333
0.000 0.333 0.444 34 0.000 0.333 0.444
0.000 0.333 0.556 35 0.000 0.333 0.556
0.000 0.333 0.667 36 0.000 0.333 0.667
0.000 0.333 0.778 37 0.000 0.333 0.778
0.000 0.333 0.889 38 0.000 0.333 0.889
0.000 0.333 1.000 39 0.000 0.333 1.000
0.000 0.444 0.000 40 0.000 0.444 0.000
0.000 0.444 0.111 41 0.000 0.444 0.111
0.000 0.444 0.222 42 0.000 0.444 0.222
0.000 0.444 0.333 43 0.000 0.444 0.333
0.000 0.444 0.444 44 0.000 0.444 0.444
0.000 0.444 0.556 45 0.000 0.444 0.556
0.000 0.444 0.667 46 0.000 0.444 0.667
0.000 0.444 0.778 47 0.000 0.444 0.778
0.000 0.444 0.889 48 0.000 0.444 0.889
0.000 0.444 1.000 49 0.000 0.444 1.000
0.000 0.556 0.000 50 0.000 0.556 0.000
0.000 0.556 0.111 51 0.000 0.556 0.111
0.000 0.556 0.222 52 0.000 0.556 0.222
0.000 0.556 0.333 53 0.000 0.556 0.333
0.000 0.556 0.444 54 0.000 0.556 0.444
0.000 0.556 0.556 55 0.000 0.556 0.556
0.000 0.556 0.667 56 0.000 0.556 0.667
0.000 0.556 0.778 57 0.000 0.556 0.778
0.000 0.556 0.889 58 0.000 0.556 0.889
0.000 0.556 1.000 59 0.000 0.556 1.000
0.000 0.667 0.000 60 0.000 0.667 0.000
0.000 0.667 0.111 61 0.000 0.667 0.111
0.000 0.667 0.222 62 0.000 0.667 0.222
0.000 0.667 0.333 63 0.000 0.667 0.333
0.000 0.667 0.444 64 0.000 0.667 0.444
0.000 0.667 0.556 65 0.000 0.667 0.556
0.000 0.667 0.667 66 0.000 0.667 0.667
0.000 0.667 0.778 67 0.000 0.667 0.778
0.000 0.667 0.889 68 0.000 0.667 0.889
0.000 0.667 1.000 69 0.000 0.667 1.000
0.000 0.778 0.000 70 0.000 0.778 0.000
0.000 0.778 0.111 71 0.000 0.778 0.111
0.000 0.778 0.222 72 0.000 0.778 0.222
0.000 0.778 0.333 73 0.000 0.778 0.333
0.000 0.778 0.444 74 0.000 0.778 0.444
0.000 0.778 0.556 75 0.000 0.778 0.556
0.000 0.778 0.667 76 0.000 0.778 0.667
0.000 0.778 0.778 77 0.000 0.778 0.778
0.000 0.778 0.889 78 0.000 0.778 0.889
0.000 0.778 1.000 79 0.000 0.778 1.000
0.000 0.889 0.000 80 0.000 0.889 0.000
0.000 0.889 0.111 81 0.000 0.889 0.111
0.000 0.889 0.222 82 0.000 0.889 0.222
0.000 0.889 0.333 83 0.000 0.889 0.333
0.000 0.889 0.444 84 0.000 0.889 0.444
0.000 0.889 0.556 85 0.000 0.889 0.556
0.000 0.889 0.667 86 0.000 0.889 0.667
0.000 0.889 0.778 87 0.000 0.889 0.778
0.000 0.889 0.889 88 0.000 0.889 0.889
0.000 0.889 1.000 89 0.000 0.889 1.000
0.000 1.000 0.000 90 0.000 1.000 0.000
0.000 1.000 0.111 91 0.000 1.000 0.111
0.000 1.000 0.222 92 0.000 1.000 0.222
0.000 1.000 0.333 93 0.000 1.000 0.333
0.000 1.000 0.444 94 0.000 1.000 0.444
0.000 1.000 0.556 95 0.000 1.000 0.556
0.000 1.000 0.667 96 0.000 1.000 0.667
0.000 1.000 0.778 97 0.000 1.000 0.778
0.000 1.000 0.889 98 0.000 1.000 0.889
0.000 1.000 1.000 99 0.000 1.000 1.000
0.111 0.000 0.000 100 0.111 0.000 0.000
0.111 0.000 0.111 101 0.111 0.000 0.111
0.111 0.000 0.222 102 0.111 0.000 0.222
0.111 0.000 0.333 103 0.111 0.000 0.333
0.111 0.000 0.444 104 0.111 0.000 0.444
0.111 0.000 0.556 105 0.111 0.000 0.556
0.111 0.000 0.667 106 0.111 0.000 0.667
0.111 0.000 0.778 107 0.111 0.000 0.778
0.111 0.000 0.889 108 0.111 0.000 0.889
0.111 0.000 1.000 109 0.111 0.000 1.000
0.111 0.111 0.000 110 0.111 0.111 0.000
0.111 0.111 0.111 111 0.111 0.111 0.111
0.111 0.111 0.222 112 0.111 0.111 0.222
0.111 0.111 0.333 113 0.111 0.111 0.333
0.111 0.111 0.444 114 0.111 0.111 0.444
0.111 0.111 0.556 115 0.111 0.111 0.556
0.111 0.111 0.667 116 0.111 0.111 0.667
0.111 0.111 0.778 117 0.111 0.111 0.778
0.111 0.111 0.889 118 0.111 0.111 0.889
0.111 0.111 1.000 119 0.111 0.111 1.000
0.111 0.222 0.000 120 0.111 0.222 0.000
0.111 0.222 0.111 121 0.111 0.222 0.111
0.111 0.222 0.222 122 0.111 0.222 0.222
0.111 0.222 0.333 123 0.111 0.222 0.333
0.111 0.222 0.444 124 0.111 0.222 0.444
0.111 0.222 0.556 125 0.111 0.222 0.556
0.111 0.222 0.667 126 0.111 0.222 0.667
0.111 0.222 0.778 127 0.111 0.222 0.778
0.111 0.222 0.889 128 0.111 0.222 0.889
0.111 0.222 1.000 129 0.111 0.222 1.000
0.111 0.333 0.000 130 0.111 0.333 0.000
0.111 0.333 0.111 131 0.111 0.333 0.111
0.111 0.333 0.222 132 0.111 0.333 0.222
0.111 0.333 0.333 133 0.111 0.333 0.333
0.111 0.333 0.444 134 0.111 0.333 0.444
0.111 0.333 0.556 135 0.111 0.333 0.556
0.111 0.333 0.667 136 0.111 0.333 0.667
0.111 0.333 0.778 137 0.111 0.333 0.778
0.111 0.333 0.889 138 0.111 0.333 0.889
0.111 0.333 1.000 139 0.111 0.333 1.000
0.111 0.444 0.000 140 0.111 0.444 0.000
0.111 0.444 0.111 141 0.111 0.444 0.111
0.111 0.444 0.222 142 0.111 0.444 0.222
0.111 0.444 0.333 143 0.111 0.444 0.333
0.111 0.444 0.444 144 0.111 0.444 0.444
0.111 0.444 0.556 145 0.111 0.444 0.556
0.111 0.444 0.667 146 0.111 0.444 0.667
0.111 0.444 0.778 147 0.111 0.444 0.778
0.111 0.444 0.889 148 0.111 0.444 0.889
0.111 0.444 1.000 149 0.111 0.444 1.000
0.111 0.556 0.000 150 0.111 0.556 0.000
0.111 0.556 0.111 151 0.111 0.556 0.111
0.111 0.556 0.222 152 0.111 0.556 0.222
0.111 0.556 0.333 153 0.111 0.556 0.333
0.111 0.556 0.444 154 0.111 0.556 0.444
0.111 0.556 0.556 155 0.111 0.556 0.556
0.111 0.556 0.667 156 0.111 0.556 0.667
0.111 0.556 0.778 157 0.111 0.556 0.778
0.111 0.556 0.889 158 0.111 0.556 0.889
0.111 0.556 1.000 159 0.111 0.556 1.000
0.111 0.667 0.000 160 0.111 0.667 0.000
0.111 0.667 0.111 161 0.111 0.667 0.111
0.111 0.667 0.222 162 0.111 0.667 0.222
0.111 0.667 0.333 163 0.111 0.667 0.333
0.111 0.667 0.444 164 0.111 0.667 0.444
0.111 0.667 0.556 165 0.111 0.667 0.556
0.111 0.667 0.667 166 0.111 0.667 0.667
0.111 0.667 0.778 167 0.111 0.667 0.778
0.111 0.667 0.889 168 0.111 0.667 0.889
0.111 0.667 1.000 169 0.111 0.667 1.000
0.111 0.778 0.000 170 0.111 0.778 0.000
0.111 0.778 0.111 171 0.111 0.778 0.111
0.111 0.778 0.222 172 0.111 0.778 0.222
0.111 0.778 0.333 173 0.111 0.778 0.333
0.111 0.778 0.444 174 0.111 0.778 0.444
0.111 0.778 0.556 175 0.111 0.778 0.556
0.111 0.778 0.667 176 0.111 0.778 0.667
0.111 0.778 0.778 177 0.111 0.778 0.778
0.111 0.778 0.889 178 0.111 0.778 0.889
0.111 0.778 1.000 179 0.111 0.778 1.000
0.111 0.889 0.000 180 0.111 0.889 0.000
0.111 0.889 0.111 181 0.111 0.889 0.111
0.111 0.889 0.222 182 0.111 0.889 0.222
0.111 0.889 0.333 183 0.111 0.889 0.333
0.111 0.889 0.444 184 0.111 0.889 0.444
0.111 0.889 0.556 185 0.111 0.889 0.556
0.111 0.889 0.667 186 0.111 0.889 0.667
0.111 0.889 0.778 187 0.111 0.889 0.778
0.111 0.889 0.889 188 0.111 0.889 0.889
0.111 0.889 1.000 189 0.111 0.889 1.000
0.111 1.000 0.000 190 0.111 1.000 0.000
0.111 1.000 0.111 191 0.111 1.000 0.111
0.111 1.000 0.222 192 0.111 1.000 0.222
0.111 1.000 0.333 193 0.111 1.000 0.333
0.111 1.000 0.444 194 0.111 1.000 0.444
0.111 1.000 0.556 195 0.111 1.000 0.556
0.111 1.000 0.667 196 0.111 1.000 0.667
0.111 1.000 0.778 197 0.111 1.000 0.778
0.111 1.000 0.889 198 0.111 1.000 0.889
0.111 1.000 1.000 199 0.111 1.000 1.000
0.222 0.000 0.000 200 0.222 0.000 0.000
0.222 0.000 0.111 201 0.222 0.000 0.111
0.222 0.000 0.222 202 0.222 0.000 0.222
0.222 0.000 0.333 203 0.222 0.000 0.333
0.222 0.000 0.444 204 0.222 0.000 0.444
0.222 0.000 0.556 205 0.222 0.000 0.556
0.222 0.000 0.667 206 0.222 0.000 0.667
0.222 0.000 0.778 207 0.222 0.000 0.778
0.222 0.000 0.889 208 0.222 0.000 0.889
0.222 0.000 1.000 209 0.222 0.000 1.000
0.222 0.111 0.000 210 0.222 0.111 0.000
0.222 0.111 0.111 211 0.222 0.111 0.111
0.222 0.111 0.222 212 0.222 0.111 0.222
0.222 0.111 0.333 213 0.222 0.111 0.333
0.222 0.111 0.444 214 0.222 0.111 0.444
0.222 0.111 0.556 215 0.222 0.111 0.556
0.222 0.111 0.667 216 0.222 0.111 0.667
0.222 0.111 0.778 217 0.222 0.111 0.778
0.222 0.111 0.889 218 0.222 0.111 0.889
0.222 0.111 1.000 219 0.222 0.111 1.000
0.222 0.222 0.000 220 0.222 0.222 0.000
0.222 0.222 0.111 221 0.222 0.222 0.111
0.222 0.222 0.222 222 0.222 0.222 0.222
0.222 0.222 0.333 223 0.222 0.222 0.333
0.222 0.222 0.444 224 0.222 0.222 0.444
0.222 0.222 0.556 225 0.222 0.222 0.556
0.222 0.222 0.667 226 0.222 0.222 0.667
0.222 0.222 0.778 227 0.222 0.222 0.778
0.222 0.222 0.889 228 0.222 0.222 0.889
0.222 0.222 1.000 229 0.222 0.222 1.000
0.222 0.333 0.000 230 0.222 0.333 0.000
0.222 0.333 0.111 231 0.222 0.333 0.111
0.222 0.333 0.222 232 0.222 0.333 0.222
0.222 0.333 0.333 233 0.222 0.333 0.333
0.222 0.333 0.444 234 0.222 0.333 0.444
0.222 0.333 0.556 235 0.222 0.333 0.556
0.222 0.333 0.667 236 0.222 0.333 0.667
0.222 0.333 0.778 237 0.222 0.333 0.778
0.222 0.333 0.889 238 0.222 0.333 0.889
0.222 0.333 1.000 239 0.222 0.333 1.000
0.222 0.444 0.000 240 0.222 0.444 0.000
0.222 0.444 0.111 241 0.222 0.444 0.111
0.222 0.444 0.222 242 0.222 0.444 0.222
0.222 0.444 0.333 243 0.222 0.444 0.333
0.222 0.444 0.444 244 0.222 0.444 0.444
0.222 0.444 0.556 245 0.222 0.444 0.556
0.222 0.444 0.667 246 0.222 0.444 0.667
0.222 0.444 0.778 247 0.222 0.444 0.778
0.222 0.444 0.889 248 0.222 0.444 0.889
0.222 0.444 1.000 249 0.222 0.444 1.000
0.222 0.556 0.000 250 0.222 0.556 0.000
0.222 0.556 0.111 251 0.222 0.556 0.111
0.222 0.556 0.222 252 0.222 0.556 0.222
0.222 0.556 0.333 253 0.222 0.556 0.333
0.222 0.556 0.444 254 0.222 0.556 0.444
0.222 0.556 0.556 255 0.222 0.556 0.556
0.222 0.556 0.667 256 0.222 0.556 0.667
0.222 0.556 0.778 257 0.222 0.556 0.778
0.222 0.556 0.889 258 0.222 0.556 0.889
0.222 0.556 1.000 259 0.222 0.556 1.000
0.222 0.667 0.000 260 0.222 0.667 0.000
0.222 0.667 0.111 261 0.222 0.667 0.111
0.222 0.667 0.222 262 0.222 0.667 0.222
0.222 0.667 0.333 263 0.222 0.667 0.333
0.222 0.667 0.444 264 0.222 0.667 0.444
0.222 0.667 0.556 265 0.222 0.667 0.556
0.222 0.667 0.667 266 0.222 0.667 0.667
0.222 0.667 0.778 267 0.222 0.667 0.778
0.222 0.667 0.889 268 0.222 0.667 0.889
0.222 0.667 1.000 269 0.222 0.667 1.000
0.222 0.778 0.000 270 0.222 0.778 0.000
0.222 0.778 0.111 271 0.222 0.778 0.111
0.222 0.778 0.222 272 0.222 0.778 0.222
0.222 0.778 0.333 273 0.222 0.778 0.333
0.222 0.778 0.444 274 0.222 0.778 0.444
0.222 0.778 0.556 275 0.222 0.778 0.556
0.222 0.778 0.667 276 0.222 0.778 0.667
0.222 0.778 0.778 277 0.222 0.778 0.778
0.222 0.778 0.889 278 0.222 0.778 0.889
0.222 0.778 1.000 279 0.222 0.778 1.000
0.222 0.889 0.000 280 0.222 0.889 0.000
0.222 0.889 0.111 281 0.222 0.889 0.111
0.222 0.889 0.222 282 0.222 0.889 0.222
0.222 0.889 0.333 283 0.222 0.889 0.333
0.222 0.889 0.444 284 0.222 0.889 0.444
0.222 0.889 0.556 285 0.222 0.889 0.556
0.222 0.889 0.667 286 0.222 0.889 0.667
0.222 0.889 0.778 287 0.222 0.889 0.778
0.222 0.889 0.889 288 0.222 0.889 0.889
0.222 0.889 1.000 289 0.222 0.889 1.000
0.222 1.000 0.000 290 0.222 1.000 0.000
0.222 1.000 0.111 291 0.222 1.000 0.111
0.222 1.000 0.222 292 0.222 1.000 0.222
0.222 1.000 0.333 293 0.222 1.000 0.333
0.222 1.000 0.444 294 0.222 1.000 0.444
0.222 1.000 0.556 295 0.222 1.000 0.556
0.222 1.000 0.667 296 0.222 1.000 0.667
0.222 1.000 0.778 297 0.222 1.000 0.778
0.222 1.000 0.889 298 0.222 1.000 0.889
0.222 1.000 1.000 299 0.222 1.000 1.000
0.333 0.000 0.000 300 0.333 0.000 0.000
0.333 0.000 0.111 301 0.333 0.000 0.111
0.333 0.000 0.222 302 0.333 0.000 0.222
0.333 0.000 0.333 303 0.333 0.000 0.333
0.333 0.000 0.444 304 0.333 0.000 0.444
0.333 0.000 0.556 305 0.333 0.000 0.556
0.333 0.000 0.667 306 0.333 0.000 0.667
0.333 0.000 0.778 307 0.333 0.000 0.778
0.333 0.000 0.889 308 0.333 0.000 0.889
0.333 0.000 1.000 309 0.333 0.000 1.000
0.333 0.111 0.000 310 0.333 0.111 0.000
0.333 0.111 0.111 311 0.333 0.111 0.111
0.333 0.111 0.222 312 0.333 0.111 0.222
0.333 0.111 0.333 313 0.333 0.111 0.333
0.333 0.111 0.444 314 0.333 0.111 0.444
0.333 0.111 0.556 315 0.333 0.111 0.556
0.333 0.111 0.667 316 0.333 0.111 0.667
0.333 0.111 0.778 317 0.333 0.111 0.778
0.333 0.111 0.889 318 0.333 0.111 0.889
0.333 0.111 1.000 319 0.333 0.111 1.000
0.333 0.222 0.000 320 0.333 0.222 0.000
0.333 0.222 0.111 321 0.333 0.222 0.111
0.333 0.222 0.222 322 0.333 0.222 0.222
0.333 0.222 0.333 323 0.333 0.222 0.333
0.333 0.222 0.444 324 0.333 0.222 0.444
0.333 0.222 0.556 325 0.333 0.222 0.556
0.333 0.222 0.667 326 0.333 0.222 0.667
0.333 0.222 0.778 327 0.333 0.222 0.778
0.333 0.222 0.889 328 0.333 0.222 0.889
0.333 0.222 1.000 329 0.333 0.222 1.000
0.333 0.333 0.000 330 0.333 0.333 0.000
0.333 0.333 0.111 331 0.333 0.333 0.111
0.333 0.333 0.222 332 0.333 0.333 0.222
0.333 0.333 0.333 333 0.333 0.333 0.333
0.333 0.333 0.444 334 0.333 0.333 0.444
0.333 0.333 0.556 335 0.333 0.333 0.556
0.333 0.333 0.667 336 0.333 0.333 0.667
0.333 0.333 0.778 337 0.333 0.333 0.778
0.333 0.333 0.889 338 0.333 0.333 0.889
0.333 0.333 1.000 339 0.333 0.333 1.000
0.333 0.444 0.000 340 0.333 0.444 0.000
0.333 0.444 0.111 341 0.333 0.444 0.111
0.333 0.444 0.222 342 0.333 0.444 0.222
0.333 0.444 0.333 343 0.333 0.444 0.333
0.333 0.444 0.444 344 0.333 0.444 0.444
0.333 0.444 0.556 345 0.333 0.444 0.556
0.333 0.444 0.667 346 0.333 0.444 0.667
0.333 0.444 0.778 347 0.333 0.444 0.778
0.333 0.444 0.889 348 0.333 0.444 0.889
0.333 0.444 1.000 349 0.333 0.444 1.000
0.333 0.556 0.000 350 0.333 0.556 0.000
0.333 0.556 0.111 351 0.333 0.556 0.111
0.333 0.556 0.222 352 0.333 0.556 0.222
0.333 0.556 0.333 353 0.333 0.556 0.333
0.333 0.556 0.444 354 0.333 0.556 0.444
0.333 0.556 0.556 355 0.333 0.556 0.556
0.333 0.556 0.667 356 0.333 0.556 0.667
0.333 0.556 0.778 357 0.333 0.556 0.778
0.333 0.556 0.889 358 0.333 0.556 0.889
0.333 0.556 1.000 359 0.333 0.556 1.000
0.333 0.667 0.000 360 0.333 0.667 0.000
0.333 0.667 0.111 361 0.333 0.667 0.111
0.333 0.667 0.222 362 0.333 0.667 0.222
0.333 0.667 0.333 363 0.333 0.667 0.333
0.333 0.667 0.444 364 0.333 0.667 0.444
0.333 0.667 0.556 365 0.333 0.667 0.556
0.333 0.667 0.667 366 0.333 0.667 0.667
0.333 0.667 0.778 367 0.333 0.667 0.778
0.333 0.667 0.889 368 0.333 0.667 0.889
0.333 0.667 1.000 369 0.333 0.667 1.000
0.333 0.778 0.000 370 0.333 0.778 0.000
0.333 0.778 0.111 371 0.333 0.778 0.111
0.333 0.778 0.222 372 0.333 0.778 0.222
0.333 0.778 0.333 373 0.333 0.778 0.333
0.333 0.778 0.444 374 0.333 0.778 0.444
0.333 0.778 0.556 375 0.333 0.778 0.556
0.333 0.778 0.667 376 0.333 0.778 0.667
0.333 0.778 0.778 377 0.333 0.778 0.778
0.333 0.778 0.889 378 0.333 0.778 0.889
0.333 0.778 1.000 379 0.333 0.778 1.000
0.333 0.889 0.000 380 0.333 0.889 0.000
0.333 0.889 0.111 381 0.333 0.889 0.111
0.333 0.889 0.222 382 0.333 0.889 0.222
0.333 0.889 0.333 383 0.333 0.889 0.333
0.333 0.889 0.444 384 0.333 0.889 0.444
0.333 0.889 0.556 385 0.333 0.889 0.556
0.333 0.889 0.667 386 0.333 0.889 0.667
0.333 0.889 0.778 387 0.333 0.889 0.778
0.333 0.889 0.889 388 0.333 0.889 0.889
0.333 0.889 1.000 389 0.333 0.889 1.000
0.333 1.000 0.000 390 0.333 1.000 0.000
0.333 1.000 0.111 391 0.333 1.000 0.111
0.333 1.000 0.222 392 0.333 1.000 0.222
0.333 1.000 0.333 393 0.333 1.000 0.333
0.333 1.000 0.444 394 0.333 1.000 0.444
0.333 1.000 0.556 395 0.333 1.000 0.556
0.333 1.000 0.667 396 0.333 1.000 0.667
0.333 1.000 0.778 397 0.333 1.000 0.778
0.333 1.000 0.889 398 0.333 1.000 0.889
0.333 1.000 1.000 399 0.333 1.000 1.000
0.444 0.000 0.000 400 0.444 0.000 0.000
0.444 0.000 0.111 401 0.444 0.000 0.111
0.444 0.000 0.222 402 0.444 0.000 0.222
0.444 0.000 0.333 403 0.444 0.000 0.333
0.444 0.000 0.444 404 0.444 0.000 0.444
0.444 0.000 0.556 405 0.444 0.000 0.556
0.444 0.000 0.667 406 0.444 0.000 0.667
0.444 0.000 0.778 407 0.444 0.000 0.778
0.444 0.000 0.889 408 0.444 0.000 0.889
0.444 0.000 1.000 409 0.444 0.000 1.000
0.444 0.111 0.000 410 0.444 0.111 0.000
0.444 0.111 0.111 411 0.444 0.111 0.111
0.444 0.111 0.222 412 0.444 0.111 0.222
0.444 0.111 0.333 413 0.444 0.111 0.333
0.444 0.111 0.444 414 0.444 0.111 0.444
0.444 0.111 0.556 415 0.444 0.111 0.556
0.444 0.111 0.667 416 0.444 0.111 0.667
0.444 0.111 0.778 417 0.444 0.111 0.778
0.444 0.111 0.889 418 0.444 0.111 0.889
0.444 0.111 1.000 419 0.444 0.111 1.000
0.444 0.222 0.000 420 0.444 0.222 0.000
0.444 0.222 0.111 421 0.444 0.222 0.111
0.444 0.222 0.222 422 0.444 0.222 0.222
0.444 0.222 0.333 423 0.444 0.222 0.333
0.444 0.222 0.444 424 0.444 0.222 0.444
0.444 0.222 0.556 425 0.444 0.222 0.556
0.444 0.222 0.667 426 0.444 0.222 0.667
0.444 0.222 0.778 427 0.444 0.222 0.778
0.444 0.222 0.889 428 0.444 0.222 0.889
0.444 0.222 1.000 429 0.444 0.222 1.000
0.444 0.333 0.000 430 0.444 0.333 0.000
0.444 0.333 0.111 431 0.444 0.333 0.111
0.444 0.333 0.222 432 0.444 0.333 0.222
0.444 0.333 0.333 433 0.444 0.333 0.333
0.444 0.333 0.444 434 0.444 0.333 0.444
0.444 0.333 0.556 435 0.444 0.333 0.556
0.444 0.333 0.667 436 0.444 0.333 0.667
0.444 0.333 0.778 437 0.444 0.333 0.778
0.444 0.333 0.889 438 0.444 0.333 0.889
0.444 0.333 1.000 439 0.444 0.333 1.000
0.444 0.444 0.000 440 0.444 0.444 0.000
0.444 0.444 0.111 441 0.444 0.444 0.111
0.444 0.444 0.222 442 0.444 0.444 0.222
0.444 0.444 0.333 443 0.444 0.444 0.333
0.444 0.444 0.444 444 0.444 0.444 0.444
0.444 0.444 0.556 445 0.444 0.444 0.556
0.444 0.444 0.667 446 0.444 0.444 0.667
0.444 0.444 0.778 447 0.444 0.444 0.778
0.444 0.444 0.889 448 0.444 0.444 0.889
0.444 0.444 1.000 449 0.444 0.444 1.000
0.444 0.556 0.000 450 0.444 0.556 0.000
0.444 0.556 0.111 451 0.444 0.556 0.111
0.444 0.556 0.222 452 0.444 0.556 0.222
0.444 0.556 0.333 453 0.444 0.556 0.333
0.444 0.556 0.444 454 0.444 0.556 0.444
0.444 0.556 0.556 455 0.444 0.556 0.556
0.444 0.556 0.667 456 0.444 0.556 0.667
0.444 0.556 0.778 457 0.444 0.556 0.778
0.444 0.556 0.889 458 0.444 0.556 0.889
0.444 0.556 1.000 459 0.444 0.556 1.000
0.444 0.667 0.000 460 0.444 0.667 0.000
0.444 0.667 0.111 461 0.444 0.667 0.111
0.444 0.667 0.222 462 0.444 0.667 0.222
0.444 0.667 0.333 463 0.444 0.667 0.333
0.444 0.667 0.444 464 0.444 0.667 0.444
0.444 0.667 0.556 465 0.444 0.667 0.556
0.444 0.667 0.667 466 0.444 0.667 0.667
0.444 0.667 0.778 467 0.444 0.667 0.778
0.444 0.667 0.889 468 0.444 0.667 0.889
0.444 0.667 1.000 469 0.444 0.667 1.000
0.444 0.778 0.000 470 0.444 0.778 0.000
0.444 0.778 0.111 471 0.444 0.778 0.111
0.444 0.778 0.222 472 0.444 0.778 0.222
0.444 0.778 0.333 473 0.444 0.778 0.333
0.444 0.778 0.444 474 0.444 0.778 0.444
0.444 0.778 0.556 475 0.444 0.778 0.556
0.444 0.778 0.667 476 0.444 0.778 0.667
0.444 0.778 0.778 477 0.444 0.778 0.778
0.444 0.778 0.889 478 0.444 0.778 0.889
0.444 0.778 1.000 479 0.444 0.778 1.000
0.444 0.889 0.000 480 0.444 0.889 0.000
0.444 0.889 0.111 481 0.444 0.889 0.111
0.444 0.889 0.222 482 0.444 0.889 0.222
0.444 0.889 0.333 483 0.444 0.889 0.333
0.444 0.889 0.444 484 0.444 0.889 0.444
0.444 0.889 0.556 485 0.444 0.889 0.556
0.444 0.889 0.667 486 0.444 0.889 0.667
0.444 0.889 0.778 487 0.444 0.889 0.778
0.444 0.889 0.889 488 0.444 0.889 0.889
0.444 0.889 1.000 489 0.444 0.889 1.000
0.444 1.000 0.000 490 0.444 1.000 0.000
0.444 1.000 0.111 491 0.444 1.000 0.111
0.444 1.000 0.222 492 0.444 1.000 0.222
0.444 1.000 0.333 493 0.444 1.000 0.333
0.444 1.000 0.444 494 0.444 1.000 0.444
0.444 1.000 0.556 495 0.444 1.000 0.556
0.444 1.000 0.667 496 0.444 1.000 0.667
0.444 1.000 0.778 497 0.444 1.000 0.778
0.444 1.000 0.889 498 0.444 1.000 0.889
0.444 1.000 1.000 499 0.444 1.000 1.000
0.556 0.000 0.000 500 0.556 0.000 0.000
0.556 0.000 0.111 501 0.556 0.000 0.111
0.556 0.000 0.222 502 0.556 0.000 0.222
0.556 0.000 0.333 503 0.556 0.000 0.333
0.556 0.000 0.444 504 0.556 0.000 0.444
0.556 0.000 0.556 505 0.556 0.000 0.556
0.556 0.000 0.667 506 0.556 0.000 0.667
0.556 0.000 0.778 507 0.556 0.000 0.778
0.556 0.000 0.889 508 0.556 0.000 0.889
0.556 0.000 1.000 509 0.556 0.000 1.000
0.556 0.111 0.000 510 0.556 0.111 0.000
0.556 0.111 0.111 511 0.556 0.111 0.111
0.556 0.111 0.222 512 0.556 0.111 0.222
0.556 0.111 0.333 513 0.556 0.111 0.333
0.556 0.111 0.444 514 0.556 0.111 0.444
0.556 0.111 0.556 515 0.556 0.111 0.556
0.556 0.111 0.667 516 0.556 0.111 0.667
0.556 0.111 0.778 517 0.556 0.111 0.778
0.556 0.111 0.889 518 0.556 0.111 0.889
0.556 0.111 1.000 519 0.556 0.111 1.000
0.556 0.222 0.000 520 0.556 0.222 0.000
0.556 0.222 0.111 521 0.556 0.222 0.111
0.556 0.222 0.222 522 0.556 0.222 0.222
0.556 0.222 0.333 523 0.556 0.222 0.333
0.556 0.222 0.444 524 0.556 0.222 0.444
0.556 0.222 0.556 525 0.556 0.222 0.556
0.556 0.222 0.667 526 0.556 0.222 0.667
0.556 0.222 0.778 527 0.556 0.222 0.778
0.556 0.222 0.889 528 0.556 0.222 0.889
0.556 0.222 1.000 529 0.556 0.222 1.000
0.556 0.333 0.000 530 0.556 0.333 0.000
0.556 0.333 0.111 531 0.556 0.333 0.111
0.556 0.333 0.222 532 0.556 0.333 0.222
0.556 0.333 0.333 533 0.556 0.333 0.333
0.556 0.333 0.444 534 0.556 0.333 0.444
0.556 0.333 0.556 535 0.556 0.333 0.556
0.556 0.333 0.667 536 0.556 0.333 0.667
0.556 0.333 0.778 537 0.556 0.333 0.778
0.556 0.333 0.889 538 0.556 0.333 0.889
0.556 0.333 1.000 539 0.556 0.333 1.000
0.556 0.444 0.000 540 0.556 0.444 0.000
0.556 0.444 0.111 541 0.556 0.444 0.111
0.556 0.444 0.222 542 0.556 0.444 0.222
0.556 0.444 0.333 543 0.556 0.444 0.333
0.556 0.444 0.444 544 0.556 0.444 0.444
0.556 0.444 0.556 545 0.556 0.444 0.556
0.556 0.444 0.667 546 0.556 0.444 0.667
0.556 0.444 0.778 547 0.556 0.444 0.778
0.556 0.444 0.889 548 0.556 0.444 0.889
0.556 0.444 1.000 549 0.556 0.444 1.000
0.556 0.556 0.000 550 0.556 0.556 0.000
0.556 0.556 0.111 551 0.556 0.556 0.111
0.556 0.556 0.222 552 0.556 0.556 0.222
0.556 0.556 0.333 553 0.556 0.556 0.333
0.556 0.556 0.444 554 0.556 0.556 0.444
0.556 0.556 0.556 555 0.556 0.556 0.556
0.556 0.556 0.667 556 0.556 0.556 0.667
0.556 0.556 0.778 557 0.556 0.556 0.778
0.556 0.556 0.889 558 0.556 0.556 0.889
0.556 0.556 1.000 559 0.556 0.556 1.000
0.556 0.667 0.000 560 0.556 0.667 0.000
0.556 0.667 0.111 561 0.556 0.667 0.111
0.556 0.667 0.222 562 0.556 0.667 0.222
0.556 0.667 0.333 563 0.556 0.667 0.333
0.556 0.667 0.444 564 0.556 0.667 0.444
0.556 0.667 0.556 565 0.556 0.667 0.556
0.556 0.667 0.667 566 0.556 0.667 0.667
0.556 0.667 0.778 567 0.556 0.667 0.778
0.556 0.667 0.889 568 0.556 0.667 0.889
0.556 0.667 1.000 569 0.556 0.667 1.000
0.556 0.778 0.000 570 0.556 0.778 0.000
0.556 0.778 0.111 571 0.556 0.778 0.111
0.556 0.778 0.222 572 0.556 0.778 0.222
0.556 0.778 0.333 573 0.556 0.778 0.333
0.556 0.778 0.444 574 0.556 0.778 0.444
0.556 0.778 0.556 575 0.556 0.778 0.556
0.556 0.778 0.667 576 0.556 0.778 0.667
0.556 0.778 0.778 577 0.556 0.778 0.778
0.556 0.778 0.889 578 0.556 0.778 0.889
0.556 0.778 1.000 579 0.556 0.778 1.000
0.556 0.889 0.000 580 0.556 0.889 0.000
0.556 0.889 0.111 581 0.556 0.889 0.111
0.556 0.889 0.222 582 0.556 0.889 0.222
0.556 0.889 0.333 583 0.556 0.889 0.333
0.556 0.889 0.444 584 0.556 0.889 0.444
0.556 0.889 0.556 585 0.556 0.889 0.556
0.556 0.889 0.667 586 0.556 0.889 0.667
0.556 0.889 0.778 587 0.556 0.889 0.778
0.556 0.889 0.889 588 0.556 0.889 0.889
0.556 0.889 1.000 589 0.556 0.889 1.000
0.556 1.000 0.000 590 0.556 1.000 0.000
0.556 1.000 0.111 591 0.556 1.000 0.111
0.556 1.000 0.222 592 0.556 1.000 0.222
0.556 1.000 0.333 593 0.556 1.000 0.333
0.556 1.000 0.444 594 0.556 1.000 0.444
0.556 1.000 0.556 595 0.556 1.000 0.556
0.556 1.000 0.667 596 0.556 1.000 0.667
0.556 1.000 0.778 597 0.556 1.000 0.778
0.556 1.000 0.889 598 0.556 1.000 0.889
0.556 1.000 1.000 599 0.556 1.000 1.000
0.667 0.000 0.000 600 0.667 0.000 0.000
0.667 0.000 0.111 601 0.667 0.000 0.111
0.667 0.000 0.222 602 0.667 0.000 0.222
0.667 0.000 0.333 603 0.667 0.000 0.333
0.667 0.000 0.444 604 0.667 0.000 0.444
0.667 0.000 0.556 605 0.667 0.000 0.556
0.667 0.000 0.667 606 0.667 0.000 0.667
0.667 0.000 0.778 607 0.667 0.000 0.778
0.667 0.000 0.889 608 0.667 0.000 0.889
0.667 0.000 1.000 609 0.667 0.000 1.000
0.667 0.111 0.000 610 0.667 0.111 0.000
0.667 0.111 0.111 611 0.667 0.111 0.111
0.667 0.111 0.222 612 0.667 0.111 0.222
0.667 0.111 0.333 613 0.667 0.111 0.333
0.667 0.111 0.444 614 0.667 0.111 0.444
0.667 0.111 0.556 615 0.667 0.111 0.556
0.667 0.111 0.667 616 0.667 0.111 0.667
0.667 0.111 0.778 617 0.667 0.111 0.778
0.667 0.111 0.889 618 0.667 0.111 0.889
0.667 0.111 1.000 619 0.667 0.111 1.000
0.667 0.222 0.000 620 0.667 0.222 0.000
0.667 0.222 0.111 621 0.667 0.222 0.111
0.667 0.222 0.222 622 0.667 0.222 0.222
0.667 0.222 0.333 623 0.667 0.222 0.333
0.667 0.222 0.444 624 0.667 0.222 0.444
0.667 0.222 0.556 625 0.667 0.222 0.556
0.667 0.222 0.667 626 0.667 0.222 0.667
0.667 0.222 0.778 627 0.667 0.222 0.778
0.667 0.222 0.889 628 0.667 0.222 0.889
0.667 0.222 1.000 629 0.667 0.222 1.000
0.667 0.333 0.000 630 0.667 0.333 0.000
0.667 0.333 0.111 631 0.667 0.333 0.111
0.667 0.333 0.222 632 0.667 0.333 0.222
0.667 0.333 0.333 633 0.667 0.333 0.333
0.667 0.333 0.444 634 0.667 0.333 0.444
0.667 0.333 0.556 635 0.667 0.333 0.556
0.667 0.333 0.667 636 0.667 0.333 0.667
0.667 0.333 0.778 637 0.667 0.333 0.778
0.667 0.333 0.889 638 0.667 0.333 0.889
0.667 0.333 1.000 639 0.667 0.333 1.000
0.667 0.444 0.000 640 0.667 0.444 0.000
0.667 0.444 0.111 641 0.667 0.444 0.111
0.667 0.444 0.222 642 0.667 0.444 0.222
0.667 0.444 0.333 643 0.667 0.444 0.333
0.667 0.444 0.444 644 0.667 0.444 0.444
0.667 0.444 0.556 645 0.667 0.444 0.556
0.667 0.444 0.667 646 0.667 0.444 0.667
0.667 0.444 0.778 647 0.667 0.444 0.778
0.667 0.444 0.889 648 0.667 0.444 0.889
0.667 0.444 1.000 649 0.667 0.444 1.000
0.667 0.556 0.000 650 0.667 0.556 0.000
0.667 0.556 0.111 651 0.667 0.556 0.111
0.667 0.556 0.222 652 0.667 0.556 0.222
0.667 0.556 0.333 653 0.667 0.556 0.333
0.667 0.556 0.444 654 0.667 0.556 0.444
0.667 0.556 0.556 655 0.667 0.556 0.556
0.667 0.556 0.667 656 0.667 0.556 0.667
0.667 0.556 0.778 657 0.667 0.556 0.778
0.667 0.556 0.889 658 0.667 0.556 0.889
0.667 0.556 1.000 659 0.667 0.556 1.000
0.667 0.667 0.000 660 0.667 0.667 0.000
0.667 0.667 0.111 661 0.667 0.667 0.111
0.667 0.667 0.222 662 0.667 0.667 0.222
0.667 0.667 0.333 663 0.667 0.667 0.333
0.667 0.667 0.444 664 0.667 0.667 0.444
0.667 0.667 0.556 665 0.667 0.667 0.556
0.667 0.667 0.667 666 0.667 0.667 0.667
0.667 0.667 0.778 667 0.667 0.667 0.778
0.667 0.667 0.889 668 0.667 0.667 0.889
0.667 0.667 1.000 669 0.667 0.667 1.000
0.667 0.778 0.000 670 0.667 0.778 0.000
0.667 0.778 0.111 671 0.667 0.778 0.111
0.667 0.778 0.222 672 0.667 0.778 0.222
0.667 0.778 0.333 673 0.667 0.778 0.333
0.667 0.778 0.444 674 0.667 0.778 0.444
0.667 0.778 0.556 675 0.667 0.778 0.556
0.667 0.778 0.667 676 0.667 0.778 0.667
0.667 0.778 0.778 677 0.667 0.778 0.778
0.667 0.778 0.889 678 0.667 0.778 0.889
0.667 0.778 1.000 679 0.667 0.778 1.000
0.667 0.889 0.000 680 0.667 0.889 0.000
0.667 0.889 0.111 681 0.667 0.889 0.111
0.667 0.889 0.222 682 0.667 0.889 0.222
0.667 0.889 0.333 683 0.667 0.889 0.333
0.667 0.889 0.444 684 0.667 0.889 0.444
0.667 0.889 0.556 685 0.667 0.889 0.556
0.667 0.889 0.667 686 0.667 0.889 0.667
0.667 0.889 0.778 687 0.667 0.889 0.778
0.667 0.889 0.889 688 0.667 0.889 0.889
0.667 0.889 1.000 689 0.667 0.889 1.000
0.667 1.000 0.000 690 0.667 1.000 0.000
0.667 1.000 0.111 691 0.667 1.000 0.111
0.667 1.000 0.222 692 0.667 1.000 0.222
0.667 1.000 0.333 693 0.667 1.000 0.333
0.667 1.000 0.444 694 0.667 1.000 0.444
0.667 1.000 0.556 695 0.667 1.000 0.556
0.667 1.000 0.667 696 0.667 1.000 0.667
0.667 1.000 0.778 697 0.667 1.000 0.778
0.667 1.000 0.889 698 0.667 1.000 0.889
0.667 1.000 1.000 699 0.667 1.000 1.000
0.778 0.000 0.000 700 0.778 0.000 0.000
0.778 0.000 0.111 701 0.778 0.000 0.111
0.778 0.000 0.222 702 0.778 0.000 0.222
0.778 0.000 0.333 703 0.778 0.000 0.333
0.778 0.000 0.444 704 0.778 0.000 0.444
0.778 0.000 0.556 705 0.778 0.000 0.556
0.778 0.000 0.667 706 0.778 0.000 0.667
0.778 0.000 0.778 707 0.778 0.000 0.778
0.778 0.000 0.889 708 0.778 0.000 0.889
0.778 0.000 1.000 709 0.778 0.000 1.000
0.778 0.111 0.000 710 0.778 0.111 0.000
0.778 0.111 0.111 711 0.778 0.111 0.111
0.778 0.111 0.222 712 0.778 0.111 0.222
0.778 0.111 0.333 713 0.778 0.111 0.333
0.778 0.111 0.444 714 0.778 0.111 0.444
0.778 0.111 0.556 715 0.778 0.111 0.556
0.778 0.111 0.667 716 0.778 0.111 0.667
0.778 0.111 0.778 717 0.778 0.111 0.778
0.778 0.111 0.889 718 0.778 0.111 0.889
0.778 0.111 1.000 719 0.778 0.111 1.000
0.778 0.222 0.000 720 0.778 0.222 0.000
0.778 0.222 0.111 721 0.778 0.222 0.111
0.778 0.222 0.222 722 0.778 0.222 0.222
0.778 0.222 0.333 723 0.778 0.222 0.333
0.778 0.222 0.444 724 0.778 0.222 0.444
0.778 0.222 0.556 725 0.778 0.222 0.556
0.778 0.222 0.667 726 0.778 0.222 0.667
0.778 0.222 0.778 727 0.778 0.222 0.778
0.778 0.222 0.889 728 0.778 0.222 0.889
0.778 0.222 1.000 729 0.778 0.222 1.000
0.778 0.333 0.000 730 0.778 0.333 0.000
0.778 0.333 0.111 731 0.778 0.333 0.111
0.778 0.333 0.222 732 0.778 0.333 0.222
0.778 0.333 0.333 733 0.778 0.333 0.333
0.778 0.333 0.444 734 0.778 0.333 0.444
0.778 0.333 0.556 735 0.778 0.333 0.556
0.778 0.333 0.667 736 0.778 0.333 0.667
0.778 0.333 0.778 737 0.778 0.333 0.778
0.778 0.333 0.889 738 0.778 0.333 0.889
0.778 0.333 1.000 739 0.778 0.333 1.000
0.778 0.444 0.000 740 0.778 0.444 0.000
0.778 0.444 0.111 741 0.778 0.444 0.111
0.778 0.444 0.222 742 0.778 0.444 0.222
0.778 0.444 0.333 743 0.778 0.444 0.333
0.778 0.444 0.444 744 0.778 0.444 0.444
0.778 0.444 0.556 745 0.778 0.444 0.556
0.778 0.444 0.667 746 0.778 0.444 0.667
0.778 0.444 0.778 747 0.778 0.444 0.778
0.778 0.444 0.889 748 0.778 0.444 0.889
0.778 0.444 1.000 749 0.778 0.444 1.000
0.778 0.556 0.000 750 0.778 0.556 0.000
0.778 0.556 0.111 751 0.778 0.556 0.111
0.778 0.556 0.222 752 0.778 0.556 0.222
0.778 0.556 0.333 753 0.778 0.556 0.333
0.778 0.556 0.444 754 0.778 0.556 0.444
0.778 0.556 0.556 755 0.778 0.556 0.556
0.778 0.556 0.667 756 0.778 0.556 0.667
0.778 0.556 0.778 757 0.778 0.556 0.778
0.778 0.556 0.889 758 0.778 0.556 0.889
0.778 0.556 1.000 759 0.778 0.556 1.000
0.778 0.667 0.000 760 0.778 0.667 0.000
0.778 0.667 0.111 761 0.778 0.667 0.111
0.778 0.667 0.222 762 0.778 0.667 0.222
0.778 0.667 0.333 763 0.778 0.667 0.333
0.778 0.667 0.444 764 0.778 0.667 0.444
0.778 0.667 0.556 765 0.778 0.667 0.556
0.778 0.667 0.667 766 0.778 0.667 0.667
0.778 0.667 0.778 767 0.778 0.667 0.778
0.778 0.667 0.889 768 0.778 0.667 0.889
0.778 0.667 1.000 769 0.778 0.667 1.000
0.778 0.778 0.000 770 0.778 0.778 0.000
0.778 0.778 0.111 771 0.778 0.778 0.111
0.778 0.778 0.222 772 0.778 0.778 0.222
0.778 0.778 0.333 773 0.778 0.778 0.333
0.778 0.778 0.444 774 0.778 0.778 0.444
0.778 0.778 0.556 775 0.778 0.778 0.556
0.778 0.778 0.667 776 0.778 0.778 0.667
0.778 0.778 0.778 777 0.778 0.778 0.778
0.778 0.778 0.889 778 0.778 0.778 0.889
0.778 0.778 1.000 779 0.778 0.778 1.000
0.778 0.889 0.000 780 0.778 0.889 0.000
0.778 0.889 0.111 781 0.778 0.889 0.111
0.778 0.889 0.222 782 0.778 0.889 0.222
0.778 0.889 0.333 783 0.778 0.889 0.333
0.778 0.889 0.444 784 0.778 0.889 0.444
0.778 0.889 0.556 785 0.778 0.889 0.556
0.778 0.889 0.667 786 0.778 0.889 0.667
0.778 0.889 0.778 787 0.778 0.889 0.778
0.778 0.889 0.889 788 0.778 0.889 0.889
0.778 0.889 1.000 789 0.778 0.889 1.000
0.778 1.000 0.000 790 0.778 1.000 0.000
0.778 1.000 0.111 791 0.778 1.000 0.111
0.778 1.000 0.222 792 0.778 1.000 0.222
0.778 1.000 0.333 793 0.778 1.000 0.333
0.778 1.000 0.444 794 0.778 1.000 0.444
0.778 1.000 0.556 795 0.778 1.000 0.556
0.778 1.000 0.667 796 0.778 1.000 0.667
0.778 1.000 0.778 797 0.778 1.000 0.778
0.778 1.000 0.889 798 0.778 1.000 0.889
0.778 1.000 1.000 799 0.778 1.000 1.000
0.889 0.000 0.000 800 0.889 0.000 0.000
0.889 0.000 0.111 801 0.889 0.000 0.111
0.889 0.000 0.222 802 0.889 0.000 0.222
0.889 0.000 0.333 803 0.889 0.000 0.333
0.889 0.000 0.444 804 0.889 0.000 0.444
0.889 0.000 0.556 805 0.889 0.000 0.556
0.889 0.000 0.667 806 0.889 0.000 0.667
0.889 0.000 0.778 807 0.889 0.000 0.778
0.889 0.000 0.889 808 0.889 0.000 0.889
0.889 0.000 1.000 809 0.889 0.000 1.000
0.889 0.111 0.000 810 0.889 0.111 0.000
0.889 0.111 0.111 811 0.889 0.111 0.111
0.889 0.111 0.222 812 0.889 0.111 0.222
0.889 0.111 0.333 813 0.889 0.111 0.333
0.889 0.111 0.444 814 0.889 0.111 0.444
0.889 0.111 0.556 815 0.889 0.111 0.556
0.889 0.111 0.667 816 0.889 0.111 0.667
0.889 0.111 0.778 817 0.889 0.111 0.778
0.889 0.111 0.889 818 0.889 0.111 0.889
0.889 0.111 1.000 819 0.889 0.111 1.000
0.889 0.222 0.000 820 0.889 0.222 0.000
0.889 0.222 0.111 821 0.889 0.222 0.111
0.889 0.222 0.222 822 0.889 0.222 0.222
0.889 0.222 0.333 823 0.889 0.222 0.333
0.889 0.222 0.444 824 0.889 0.222 0.444
0.889 0.222 0.556 825 0.889 0.222 0.556
0.889 0.222 0.667 826 0.889 0.222 0.667
0.889 0.222 0.778 827 0.889 0.222 0.778
0.889 0.222 0.889 828 0.889 0.222 0.889
0.889 0.222 1.000 829 0.889 0.222 1.000
0.889 0.333 0.000 830 0.889 0.333 0.000
0.889 0.333 0.111 831 0.889 0.333 0.111
0.889 0.333 0.222 832 0.889 0.333 0.222
0.889 0.333 0.333 833 0.889 0.333 0.333
0.889 0.333 0.444 834 0.889 0.333 0.444
0.889 0.333 0.556 835 0.889 0.333 0.556
0.889 0.333 0.667 836 0.889 0.333 0.667
0.889 0.333 0.778 837 0.889 0.333 0.778
0.889 0.333 0.889 838 0.889 0.333 0.889
0.889 0.333 1.000 839 0.889 0.333 1.000
0.889 0.444 0.000 840 0.889 0.444 0.000
0.889 0.444 0.111 841 0.889 0.444 0.111
0.889 0.444 0.222 842 0.889 0.444 0.222
0.889 0.444 0.333 843 0.889 0.444 0.333
0.889 0.444 0.444 844 0.889 0.444 0.444
0.889 0.444 0.556 845 0.889 0.444 0.556
0.889 0.444 0.667 846 0.889 0.444 0.667
0.889 0.444 0.778 847 0.889 0.444 0.778
0.889 0.444 0.889 848 0.889 0.444 0.889
0.889 0.444 1.000 849 0.889 0.444 1.000
0.889 0.556 0.000 850 0.889 0.556 0.000
0.889 0.556 0.111 851 0.889 0.556 0.111
0.889 0.556 0.222 852 0.889 0.556 0.222
0.889 0.556 0.333 853 0.889 0.556 0.333
0.889 0.556 0.444 854 0.889 0.556 0.444
0.889 0.556 0.556 855 0.889 0.556 0.556
0.889 0.556 0.667 856 0.889 0.556 0.667
0.889 0.556 0.778 857 0.889 0.556 0.778
0.889 0.556 0.889 858 0.889 0.556 0.889
0.889 0.556 1.000 859 0.889 0.556 1.000
0.889 0.667 0.000 860 0.889 0.667 0.000
0.889 0.667 0.111 861 0.889 0.667 0.111
0.889 0.667 0.222 862 0.889 0.667 0.222
0.889 0.667 0.333 863 0.889 0.667 0.333
0.889 0.667 0.444 864 0.889 0.667 0.444
0.889 0.667 0.556 865 0.889 0.667 0.556
0.889 0.667 0.667 866 0.889 0.667 0.667
0.889 0.667 0.778 867 0.889 0.667 0.778
0.889 0.667 0.889 868 0.889 0.667 0.889
0.889 0.667 1.000 869 0.889 0.667 1.000
0.889 0.778 0.000 870 0.889 0.778 0.000
0.889 0.778 0.111 871 0.889 0.778 0.111
0.889 0.778 0.222 872 0.889 0.778 0.222
0.889 0.778 0.333 873 0.889 0.778 0.333
0.889 0.778 0.444 874 0.889 0.778 0.444
0.889 0.778 0.556 875 0.889 0.778 0.556
0.889 0.778 0.667 876 0.889 0.778 0.667
0.889 0.778 0.778 877 0.889 0.778 0.778
0.889 0.778 0.889 878 0.889 0.778 0.889
0.889 0.778 1.000 879 0.889 0.778 1.000
0.889 0.889 0.000 880 0.889 0.889 0.000
0.889 0.889 0.111 881 0.889 0.889 0.111
0.889 0.889 0.222 882 0.889 0.889 0.222
0.889 0.889 0.333 883 0.889 0.889 0.333
0.889 0.889 0.444 884 0.889 0.889 0.444
0.889 0.889 0.556 885 0.889 0.889 0.556
0.889 0.889 0.667 886 0.889 0.889 0.667
0.889 0.889 0.778 887 0.889 0.889 0.778
0.889 0.889 0.889 888 0.889 0.889 0.889
0.889 0.889 1.000 889 0.889 0.889 1.000
0.889 1.000 0.000 890 0.889 1.000 0.000
0.889 1.000 0.111 891 0.889 1.000 0.111
0.889 1.000 0.222 892 0.889 1.000 0.222
0.889 1.000 0.333 893 0.889 1.000 0.333
0.889 1.000 0.444 894 0.889 1.000 0.444
0.889 1.000 0.556 895 0.889 1.000 0.556
0.889 1.000 0.667 896 0.889 1.000 0.667
0.889 1.000 0.778 897 0.889 1.000 0.778
0.889 1.000 0.889 898 0.889 1.000 0.889
0.889 1.000 1.000 899 0.889 1.000 1.000
1.000 0.000 0.000 900 1.000 0.000 0.000
1.000 0.000 0.111 901 1.000 0.000 0.111
1.000 0.000 0.222 902 1.000 0.000 0.222
1.000 0.000 0.333 903 1.000 0.000 0.333
1.000 0.000 0.444 904 1.000 0.000 0.444
1.000 0.000 0.556 905 1.000 0.000 0.556
1.000 0.000 0.667 906 1.000 0.000 0.667
1.000 0.000 0.778 907 1.000 0.000 0.778
1.000 0.000 0.889 908 1.000 0.000 0.889
1.000 0.000 1.000 909 1.000 0.000 1.000
1.000 0.111 0.000 910 1.000 0.111 0.000
1.000 0.111 0.111 911 1.000 0.111 0.111
1.000 0.111 0.222 912 1.000 0.111 0.222
1.000 0.111 0.333 913 1.000 0.111 0.333
1.000 0.111 0.444 914 1.000 0.111 0.444
1.000 0.111 0.556 915 1.000 0.111 0.556
1.000 0.111 0.667 916 1.000 0.111 0.667
1.000 0.111 0.778 917 1.000 0.111 0.778
1.000 0.111 0.889 918 1.000 0.111 0.889
1.000 0.111 1.000 919 1.000 0.111 1.000
1.000 0.222 0.000 920 1.000 0.222 0.000
1.000 0.222 0.111 921 1.000 0.222 0.111
1.000 0.222 0.222 922 1.000 0.222 0.222
1.000 0.222 0.333 923 1.000 0.222 0.333
1.000 0.222 0.444 924 1.000 0.222 0.444
1.000 0.222 0.556 925 1.000 0.222 0.556
1.000 0.222 0.667 926 1.000 0.222 0.667
1.000 0.222 0.778 927 1.000 0.222 0.778
1.000 0.222 0.889 928 1.000 0.222 0.889
1.000 0.222 1.000 929 1.000 0.222 1.000
1.000 0.333 0.000 930 1.000 0.333 0.000
1.000 0.333 0.111 931 1.000 0.333 0.111
1.000 0.333 0.222 932 1.000 0.333 0.222
1.000 0.333 0.333 933 1.000 0.333 0.333
1.000 0.333 0.444 934 1.000 0.333 0.444
1.000 0.333 0.556 935 1.000 0.333 0.556
1.000 0.333 0.667 936 1.000 0.333 0.667
1.000 0.333 0.778 937 1.000 0.333 0.778
1.000 0.333 0.889 938 1.000 0.333 0.889
1.000 0.333 1.000 939 1.000 0.333 1.000
1.000 0.444 0.000 940 1.000 0.444 0.000
1.000 0.444 0.111 941 1.000 0.444 0.111
1.000 0.444 0.222 942 1.000 0.444 0.222
1.000 0.444 0.333 943 1.000 0.444 0.333
1.000 0.444 0.444 944 1.000 0.444 0.444
1.000 0.444 0.556 945 1.000 0.444 0.556
1.000 0.444 0.667 946 1.000 0.444 0.667
1.000 0.444 0.778 947 1.000 0.444 0.778
1.000 0.444 0.889 948 1.000 0.444 0.889
1.000 0.444 1.000 949 1.000 0.444 1.000
1.000 0.556 0.000 950 1.000 0.556 0.000
1.000 0.556 0.111 951 1.000 0.556 0.111
1.000 0.556 0.222 952 1.000 0.556 0.222
1.000 0.556 0.333 953 1.000 0.556 0.333
1.000 0.556 0.444 954 1.000 0.556 0.444
1.000 0.556 0.556 955 1.000 0.556 0.556
1.000 0.556 0.667 956 1.000 0.556 0.667
1.000 0.556 0.778 957 1.000 0.556 0.778
1.000 0.556 0.889 958 1.000 0.556 0.889
1.000 0.556 1.000 959 1.000 0.556 1.000
1.000 0.667 0.000 960 1.000 0.667 0.000
1.000 0.667 0.111 961 1.000 0.667 0.111
1.000 0.667 0.222 962 1.000 0.667 0.222
1.000 0.667 0.333 963 1.000 0.667 0.333
1.000 0.667 0.444 964 1.000 0.667 0.444
1.000 0.667 0.556 965 1.000 0.667 0.556
1.000 0.667 0.667 966 1.000 0.667 0.667
1.000 0.667 0.778 967 1.000 0.667 0.778
1.000 0.667 0.889 968 1.000 0.667 0.889
1.000 0.667 1.000 969 1.000 0.667 1.000
1.000 0.778 0.000 970 1.000 0.778 0.000
1.000 0.778 0.111 971 1.000 0.778 0.111
1.000 0.778 0.222 972 1.000 0.778 0.222
1.000 0.778 0.333 973 1.000 0.778 0.333
1.000 0.778 0.444 974 1.000 0.778 0.444
1.000 0.778 0.556 975 1.000 0.778 0.556
1.000 0.778 0.667 976 1.000 0.778 0.667
1.000 0.778 0.778 977 1.000 0.778 0.778
1.000 0.778 0.889 978 1.000 0.778 0.889
1.000 0.778 1.000 979 1.000 0.778 1.000
1.000 0.889 0.000 980 1.000 0.889 0.000
1.000 0.889 0.111 981 1.000 0.889 0.111
1.000 0.889 0.222 982 1.000 0.889 0.222
1.000 0.889 0.333 983 1.000 0.889 0.333
1.000 0.889 0.444 984 1.000 0.889 0.444
1.000 0.889 0.556 985 1.000 0.889 0.556
1.000 0.889 0.667 986 1.000 0.889 0.667
1.000 0.889 0.778 987 1.000 0.889 0.778
1.000 0.889 0.889 988 1.000 0.889 0.889
1.000 0.889 1.000 989 1.000 0.889 1.000
1.000 1.000 0.000 990 1.000 1.000 0.000
1.000 1.000 0.111 991 1.000 1.000 0.111
1.000 1.000 0.222 992 1.000 1.000 0.222
1.000 1.000 0.333 993 1.000 1.000 0.333
1.000 1.000 0.444 994 1.000 1.000 0.444
1.000 1.000 0.556 995 1.000 1.000 0.556
1.000 1.000 0.667 996 1.000 1.000 0.667
1.000 1.000 0.778 997 1.000 1.000 0.778
1.000 1.000 0.889 998 1.000 1.000 0.889
1.000 1.000 1.000 999 1.000 1.000 1.000